Container: 
    unk = ListContainer: 
        2520
        2532
        2544
        2556
        2568
        2580
        2592
        2604
        2616
        2628
        2640
        2652
        2664
        2676
        2688
        2700
        2712
        2724
        2736
        2748
        2760
        2772
        2784
        2796
        2808
        2820
        2832
        2844
        2856
        2868
        2880
        2892
        2904
        2916
        2928
        2940
        2952
        2964
        2976
        2988
        3000
        3012
        3024
        3036
        3048
        3060
        3072
        3084
        3096
        3108
        3120
        3132
        3144
        3156
        3168
        3180
        3192
        3204
        3216
        3228
        3240
        3252
        3264
        3276
        3288
        3300
        3312
        3324
        3336
        3348
        3360
        3372
        3384
        3396
        3408
        3420
        3432
        3444
        3456
        3468
        3480
        3492
        3504
        3516
        3528
        3540
        3552
        3564
        3576
        3588
        3600
        3612
        3624
        3636
        3648
        3660
        3672
        3684
        3696
        3708
        3720
        3732
        3744
        3756
        3768
        3780
        3792
        3804
        3816
        3828
        3840
        3852
        3864
        3876
        3888
        3900
        3912
        3924
        3936
        3948
        3960
        3972
        3984
        3996
        4008
        4020
        4032
        4044
        4056
        4068
        4080
        4092
        4104
        4116
        4128
        4140
        4152
        4164
        4176
        4188
        4200
        4212
        4224
        4236
        4248
        4260
        4272
        4284
        4296
        4308
        4320
        4332
        4344
        4356
        4368
        4380
        4392
        4404
        4416
        4428
        4440
        4452
        4464
        4476
        4488
        4500
        4512
        4524
        4536
        4548
        4560
        4572
        4584
        4596
        4608
        4620
        4632
        4644
        4656
        4668
        4680
        4692
        4704
        4716
        4728
        4740
        4752
        4764
        4776
        4788
        4800
        4812
        4824
        4836
        4848
        4860
        4872
        4884
        4896
        4908
        4920
        4932
        4944
        4956
        4968
        4980
        4992
        5004
        5016
        5028
        5040
        5052
        5064
        5076
        5088
        5100
        5112
        5124
        5136
        5148
        5160
        5172
        5184
        5196
        5208
        5220
        5232
        5244
        5256
        5268
        5280
        5292
        5304
        5316
        5328
        5340
        5352
        5364
        5376
        5388
        5400
        5412
        5424
        5436
        5448
        5460
        5472
        5484
        5496
        5508
        5520
        5532
        5544
        5556
        5568
        5580
        5592
        5604
        5616
        5628
        5640
        5652
        5664
        5676
        5688
        5700
        5712
        5724
        5736
        5748
        5760
        5772
        5784
        5796
        5808
        5820
        5832
        5844
        5856
        5868
        5880
        5892
        5904
        5916
        5928
        5940
        5952
        5964
        5976
        5988
        6000
        6012
        6024
        6036
        6048
        6060
        6072
        6084
        6096
        6108
        6120
        6132
        6144
        6156
        6168
        6180
        6192
        6204
        6216
        6228
        6240
        6252
        6264
        6276
        6288
        6300
        6312
        6324
        6336
        6348
        6360
        6372
        6384
        6396
        6408
        6420
        6432
        6444
        6456
        6468
        6480
        6492
        6504
        6516
        6528
        6540
        6552
        6564
        6576
        6588
        6600
        6612
        6624
        6636
        6648
        6660
        6672
        6684
        6696
        6708
        6720
        6732
        6744
        6756
        6768
        6780
        6792
        6804
        6816
        6828
        6840
        6852
        6864
        6876
        6888
        6900
        6912
        6924
        6936
        6948
        6960
        6972
        6984
        6996
        7008
        7020
        7032
        7044
        7056
        7068
        7080
        7092
        7104
        7116
        7128
        7140
        7152
        7164
        7176
        7188
        7200
        7212
        7224
        7236
        7248
        7260
        7272
        7284
        7296
        7308
        7320
        7332
        7344
        7356
        7368
        7380
        7392
        7404
        7416
        7428
        7440
        7452
        7464
        7476
        7488
        7500
        7512
        7524
        7536
        7548
        7560
        7572
        7584
        7596
        7608
        7620
        7632
        7644
        7656
        7668
        7680
        7692
        7704
        7716
        7728
        7740
        7752
        7764
        7776
        7788
        7800
        7812
        7824
        7836
        7848
        7860
        7872
        7884
        7896
        7908
        7920
        7932
        7944
        7956
        7968
        7980
        7992
        8004
        8016
        8028
        8040
        8052
        8064
        8076
        8088
        8100
        8112
        8124
        8136
        8148
        8160
        8172
        8184
        8196
        8208
        8220
        8232
        8244
        8256
        8268
        8280
        8292
        8304
        8316
        8328
        8340
        8352
        8364
        8376
        8388
        8400
        8412
        8424
        8436
        8448
        8460
        8472
        8484
        8496
        8508
        8520
        8532
        8544
        8556
        8568
        8580
        8592
        8604
        8616
        8628
        8640
        8652
        8664
        8676
        8688
        8700
        8712
        8724
        8736
        8748
        8760
        8772
        8784
        8796
        8808
        8820
        8832
        8844
        8856
        8868
        8880
        8892
        8904
        8916
        8928
        8940
        8952
        8964
        8976
        8988
        9000
        9012
        9024
        9036
        9048
        9060
        9072
        9084
        9096
        9108
        9120
        9132
        9144
        9156
        9168
        9180
        9192
        9204
        9216
        9228
        9240
        9252
        9264
        9276
        9288
        9300
        9312
        9324
        9336
        9348
        9360
        9372
        9384
        9396
        9408
        9420
        9432
        9444
        9456
        9468
        9480
        9492
        9504
        9516
        9528
        9540
        9552
        9564
        9576
        9588
        9600
        9612
        9624
        9636
        9648
        9660
        9672
        9684
        9696
        9708
        9720
        9732
        9744
        9756
        9768
        9780
        9792
        9804
        9816
        9828
        9840
        9852
        9864
        9876
        9888
        9900
        9912
        9924
        9936
        9948
        9960
        9972
        9984
        9996
        10008
        10020
        10032
        10044
        10056
        0
        10068
        10068
        458759
        10076
        10076
        524296
        10088
        10088
        327685
        10096
        10096
        1376277
        10120
        10120
        1376277
        10144
        10144
        1376277
        10168
        10168
        1376277
        10192
        10192
        983055
        10208
        10208
        655370
        10220
        10220
        393222
        10228
        10228
        393222
        10236
        10236
        393222
        10244
        10244
        393222
        10252
        10252
        327685
        10260
        10260
        393222
        10268
        10268
        393222
        10276
        10276
        393222
        10284
        10284
        1310740
        10308
        10308
        327685
        10316
        10316
        1245203
        10336
        10336
        655370
        10348
        10348
        1310740
        10372
        10372
        327685
        10380
        10380
        1245203
        10400
        10400
        327685
        10408
        10408
        1114129
        10428
        10428
        327685
        10436
        10436
        1310740
        10460
        10460
        393222
        10468
        10468
        1310740
        10492
        10492
        13107400
        10696
        10696
        2621480
        10740
        10740
        2621480
        10784
        10784
        524296
        10796
        10796
        262148
        10804
        10804
        262148
        10812
        10812
        262148
        10820
        10820
        1114129
        10840
        10840
        1048592
        10860
        10860
        983055
        10876
        10876
        917518
        10892
        10892
        3801146
        10952
        10952
        6094941
        11048
        11048
        5701719
        11136
        11136
        6160478
        11232
        11232
        5111886
        11312
        11312
        7209070
        11424
        11424
        720907
        11436
        11436
        720907
        11448
        11448
        262148
        11456
        11456
        720907
        11468
        11468
        720907
        11480
        11480
        1310740
        11504
        11504
        6029404
        11600
        11600
        16318713
        11852
        11852
        1769499
        11880
        11880
        6815848
        11988
        11988
        6160478
        12084
        12084
        9502865
        12232
        12232
        5898330
        12324
        12324
        8257662
        12452
        12452
        4128831
        12516
        12516
        7929977
        12640
        12640
        14811362
        12868
        12868
        7405681
        12984
        12984
        10944679
        13152
        13152
        6291552
        13252
        13252
        10027161
        13408
        13408
        7798903
        13528
        13528
        7471218
        13644
        13644
        7536755
        13760
        13760
        2031647
        13792
        13792
        11796660
        13976
        13976
        10289309
        14136
        14136
        11010216
        14308
        14308
        7405681
        14424
        14424
        2621480
        14468
        14468
        2687017
        14512
        14512
        5111886
        14592
        14592
        9240717
        14736
        14736
        4915275
        14812
        14812
        1441814
        14836
        14836
        1245203
        14856
        14856
        1179666
        14876
        14876
        2031647
        14908
        14908
        393222
        14916
        14916
        10551457
        15080
        15080
        720907
        15092
        15092
        14287066
        15312
        15312
        39322200
        15916
        15916
        3997757
        15980
        15980
        3473461
        16036
        16036
        3014702
        16084
        16084
        1966110
        16116
        16116
        917518
        16132
        16132
        65537
        16136
        16136
        1048592
        16156
        16156
        65537
        16160
        16160
        2687017
        16204
        16204
        2687017
        16248
        16248
        1966110
        16280
        16280
        5111886
        16360
        16360
        3080239
        16408
        16408
        5308497
        16492
        16492
        4784201
        16568
        16568
        4259905
        16636
        16636
        2687017
        16680
        16680
        2555943
        16720
        16720
        2490406
        16760
        16760
        3604535
        16816
        16816
        1114129
        16836
        16836
        0
        16840
        16840
        1048592
        16860
        16860
        1114129
        16880
        16880
        786444
        16896
        16896
        851981
        16912
        16912
        1376277
        16936
        16936
        262148
        16944
        16944
        196611
        16948
        16948
        1310740
        16972
        16972
        196611
        16976
        16976
        983055
        16992
        16992
        327685
        17000
        17000
        393222
        17008
        17008
        524296
        17020
        17020
        458759
        17028
        17028
        917518
        17044
        17044
        6488163
        17144
        17144
        655370
        17156
        17156
        196611
        17160
        17160
        327685
        17168
        17168
        655370
        17180
        17180
        2162721
        17216
        17216
        458759
        17224
        17224
        720907
        17236
        17236
        720907
        17248
        17248
        655370
        17260
        17260
        196611
        17264
        17264
        524296
        17276
        17276
        524296
        17288
        17288
        393222
        17296
        17296
        524296
        17308
        17308
        589833
        17320
        17320
        393222
        17328
        17328
        1048592
        17348
        17348
        851981
        17364
        17364
        1048592
        17384
        17384
        917518
        17400
        17400
        1769499
        17428
        17428
        851981
        17444
        17444
        655370
        17456
        17456
        983055
        17472
        17472
        786444
        17488
        17488
        196611
        17492
        17492
        1376277
        17516
        17516
        786444
        17532
        17532
        9765013
        17684
        17684
        1179666
        17704
        17704
        458759
        17712
        17712
        131074
        17716
        17716
        524296
        17728
        17728
        393222
        17736
        17736
        851981
        17752
        17752
        851981
        17768
        17768
        3932220
        17832
        17832
        1245203
        17852
        17852
        1376277
        17876
        17876
        851981
        17892
        17892
        1114129
        17912
        17912
        1179666
        17932
        17932
        2162721
        17968
        17968
        1507351
        17992
        17992
        4063294
        18056
        18056
        1245203
        18076
        18076
        1310740
        18100
        18100
        1114129
        18120
        18120
        2555943
        18160
        18160
        2359332
        18200
        18200
        2424869
        18240
        18240
        2621480
        18284
        18284
        2752554
        18328
        18328
        1835036
        18360
        18360
        917518
        18376
        18376
        1638425
        18404
        18404
        1245203
        18424
        18424
        589833
        18436
        18436
        524296
        18448
        18448
        786444
        18464
        18464
        851981
        18480
        18480
        851981
        18496
        18496
        983055
        18512
        18512
        786444
        18528
        18528
        655370
        18540
        18540
        786444
        18556
        18556
        851981
        18572
        18572
        589833
        18584
        18584
        720907
        18596
        18596
        1048592
        18616
        18616
        589833
        18628
        18628
        720907
        18640
        18640
        655370
        18652
        18652
        720907
        18664
        18664
        589833
        18676
        18676
        720907
        18688
        18688
        851981
        18704
        18704
        720907
        18716
        18716
        1245203
        18736
        18736
        589833
        18748
        18748
        917518
        18764
        18764
        983055
        18780
        18780
        524296
        18792
        18792
        393222
        18800
        18800
        917518
        18816
        18816
        1114129
        18836
        18836
        720907
        18848
        18848
        1048592
        18868
        18868
        393222
        18876
        18876
        458759
        18884
        18884
        524296
        18896
        18896
        393222
        18904
        18904
        327685
        18912
        18912
        786444
        18928
        18928
        524296
        18940
        18940
        524296
        18952
        18952
        1179666
        18972
        18972
        1114129
        18992
        18992
        262148
        19000
        19000
        524296
        19012
        19012
        393222
        19020
        19020
        262148
        19028
        19028
        2621480
        19072
        19072
        1310740
        19096
        19096
        327685
        19104
        19104
        393222
        19112
        19112
        655370
        19124
        19124
        327685
        19132
        19132
        1310740
        19156
        19156
        262148
        19164
        19164
        1310740
        19188
        19188
        262148
        19196
        19196
        1310740
        19220
        19220
        262148
        19228
        19228
        1310740
        19252
        19252
        262148
        19260
        19260
        1310740
        19284
        19284
        1310740
        19308
        19308
        1310740
        19332
        19332
        1310740
        19356
        19356
        1048592
        19376
        19376
        983055
        19392
        19392
        1048592
        19412
        19412
        1048592
        19432
        19432
        1638425
        19460
        19460
        5046349
        19540
        19540
        1376277
        19564
        19564
        1376277
        19588
        19588
        1376277
        19612
        19612
        1376277
        19636
        19636
        1376277
        19660
        19660
        983055
        19676
        19676
        589833
        19688
        19688
        262148
        19696
        19696
        262148
        19704
        19704
        262148
        19712
        19712
        131074
        19716
        19716
        851981
        19732
        19732
        458759
        19740
        19740
        2162721
        19776
        19776
        3145776
        19828
        19828
        2424869
        19868
        19868
        2097184
        19904
        19904
        2162721
        19940
        19940
        1376277
        19964
        19964
        1835036
        19996
        19996
        65537
        20000
        20000
        1638425
        20028
        20028
        655370
        20040
        20040
        458759
        20048
        20048
        720907
        20060
        20060
        262148
        20068
        20068
        1376277
        20092
        20092
        327685
        20100
        20100
        327685
        20108
        20108
        327685
        20116
        20116
        1376277
        20140
        20140
        327685
        20148
        20148
        327685
        20156
        20156
        327685
        20164
        20164
        1376277
        20188
        20188
        327685
        20196
        20196
        327685
        20204
        20204
        327685
        20212
        20212
        1376277
        20236
        20236
        327685
        20244
        20244
        327685
        20252
        20252
        327685
        20260
        20260
        589833
        20272
        20272
        1441814
        20296
        20296
        1441814
        20320
        20320
        1441814
        20344
        20344
        458759
        20352
        20352
        1376277
        20376
        20376
        1114129
        20396
        20396
        1114129
        20416
        20416
        458759
        20424
        20424
        3407924
        20480
        20480
        262148
        20488
        20488
        589833
        20500
        20500
        655370
        20512
        20512
        720907
        20524
        20524
        786444
        20540
        20540
        3276850
        20592
        20592
        1376277
        20616
        20616
        1376277
        20640
        20640
        1376277
        20664
        20664
        327685
        20672
        20672
        1769499
        20700
        20700
        786444
        20716
        20716
        524296
        20728
        20728
        917518
        20744
        20744
        524296
        20756
        20756
        983055
        20772
        20772
        393222
        20780
        20780
        1114129
        20800
        20800
        1966110
        20832
        20832
        1114129
        20852
        20852
        1310740
        20876
        20876
        983055
        20892
        20892
        262148
        20900
        20900
        655370
        20912
        20912
        458759
        20920
        20920
        655370
        20932
        20932
        458759
        20940
        20940
        655370
        20952
        20952
        327685
        20960
        20960
        589833
        20972
        20972
        655370
        20984
        20984
        6029404
        21080
        21080
        7209070
        21192
        21192
        6815848
        21300
        21300
        4915275
        21376
        21376
        4390979
        21444
        21444
        2687017
        21488
        21488
        5767256
        21580
        21580
        2949165
        21628
        21628
        2359332
        21668
        21668
        6553700
        21772
        21772
        4063294
        21836
        21836
        917518
        21852
        21852
        851981
        21868
        21868
        1245203
        21888
        21888
        524296
        21900
        21900
        131074
        21904
        21904
        131074
        21908
        21908
        131074
        21912
        21912
        4194368
        21980
        21980
        6160478
        22076
        22076
        3997757
        22140
        22140
        6160478
        22236
        22236
        3670072
        22296
        22296
        6488163
        22396
        22396
        6553700
        22500
        22500
        3473461
        22556
        22556
        4653127
        22628
        22628
        4653127
        22700
        22700
        5374034
        22784
        22784
        4653127
        22856
        22856
        917518
        22872
        22872
        131074
        22876
        22876
        262148
        22884
        22884
        8388736
        23016
        23016
        1376277
        23040
        23040
        1376277
        23064
        23064
        1376277
        23088
        23088
        655370
        23100
        23100
        393222
        23108
        23108
        393222
        23116
        23116
        1310740
        23140
        23140
        1310740
        23164
        23164
        1310740
        23188
        23188
        1572888
        23216
        23216
        1572888
        23244
        23244
        1572888
        23272
        23272
        1376277
        23296
        23296
        3276850
        23348
        23348
        262148
        23356
        23356
        196611
        23360
        23360
        1966110
        23392
        23392
        196611
        23396
        23396
        262148
        23404
        23404
        196611
        23408
        23408
        262148
        23416
        23416
        393222
        23424
        23424
        720907
        23436
        23436
        720907
        23448
        23448
        720907
        23460
        23460
        720907
        23472
        23472
        720907
        23484
        23484
        720907
        23496
        23496
        720907
        23508
        23508
        720907
        23520
        23520
        720907
        23532
        23532
        655370
        23544
        23544
        262148
        23552
        23552
        131074
        23556
        23556
        196611
        23560
        23560
        1310740
        23584
        23584
        2621480
        23628
        23628
        2621480
        23672
        23672
        2621480
        23716
        23716
        327685
        23724
        23724
        262148
        23732
        23732
        262148
        23740
        23740
        131074
        23744
        23744
        65537
        23748
        23748
        65537
        23752
        23752
        65537
        23756
        23756
        262148
        23764
        23764
        1376277
        23788
        23788
        1900573
        23820
        23820
        1179666
        23840
        23840
        9568402
        23988
        23988
        4915275
        24064
        24064
        11010216
        24236
        24236
        2359332
        24276
        24276
        2424869
        24316
        24316
        4325442
        24384
        24384
        12255419
        24572
        24572
        3145776
        24624
        24624
        3801146
        24684
        24684
        6226015
        24780
        24780
        2097184
        24816
        24816
        6815848
        24924
        24924
        655370
        24936
        24936
        23200098
        25292
        25292
        13631696
        25504
        25504
        2162721
        25540
        25540
        2490406
        25580
        25580
        7471218
        25696
        25696
        7929977
        25820
        25820
        10748068
        25988
        25988
        8388736
        26120
        26120
        5898330
        26212
        26212
        5898330
        26304
        26304
        9044106
        26444
        26444
        10289309
        26604
        26604
        12452030
        26796
        26796
        4259905
        26864
        26864
        10748068
        27032
        27032
        10485920
        27196
        27196
        10027161
        27352
        27352
        1835036
        27384
        27384
        13500622
        27592
        27592
        7929977
        27716
        27716
        655370
        27728
        27728
        5046349
        27808
        27808
        11075753
        27980
        27980
        983055
        27996
        27996
        1900573
        28028
        28028
        1966110
        28060
        28060
        1900573
        28092
        28092
        720907
        28104
        28104
        851981
        28120
        28120
        589833
        28132
        28132
        589833
        28144
        28144
        5505108
        28232
        28232
        458759
        28240
        28240
        4718664
        28316
        28316
        1179666
        28336
        28336
        3473461
        28392
        28392
        1507351
        28416
        28416
        1376277
        28440
        28440
        3211313
        28492
        28492
        2293795
        28528
        28528
        2687017
        28572
        28572
        589833
        28584
        28584
        393222
        28592
        28592
        393222
        28600
        28600
        589833
        28612
        28612
        2162721
        28648
        28648
        1835036
        28680
        28680
        65537
        28684
        28684
        65537
        28688
        28688
        65537
        28692
        28692
        65537
        28696
        28696
        65537
        28700
        28700
        65537
        28704
        28704
        65537
        28708
        28708
        65537
        28712
        28712
        65537
        28716
        28716
        65537
        28720
        28720
        524296
        28732
        28732
        1376277
        28756
        28756
        262148
        28764
        28764
        262148
        28772
        28772
        262148
        28780
        28780
        589833
        28792
        28792
        1376277
        28816
        28816
        262148
        28824
        28824
        262148
        28832
        28832
        262148
        28840
        28840
        983055
        28856
        28856
        1376277
        28880
        28880
        1376277
        28904
        28904
        1376277
        28928
        28928
        1376277
        28952
        28952
        1376277
        28976
        28976
        1376277
        29000
        29000
        393222
        29008
        29008
        262148
        29016
        29016
        1376277
        29040
        29040
        1376277
        29064
        29064
        65537
        29068
        29068
        393222
        29076
        29076
        458759
        29084
        29084
        196611
        29088
        29088
        196611
        29092
        29092
        1376277
        29116
        29116
        1376277
        29140
        29140
        1376277
        29164
        29164
        1376277
        29188
        29188
        1376277
        29212
        29212
        1376277
        29236
        29236
        393222
        29244
        29244
        589833
        29256
        29256
        262148
        29264
        29264
        262148
        29272
        29272
        196611
        29276
        29276
        196611
        29280
        29280
        196611
        29284
        29284
        131074
        29288
        29288
        196611
        29292
        29292
        131074
        29296
        29296
        196611
        29300
        29300
        1048592
        29320
        29320
        983055
        29336
        29336
        720907
        29348
        29348
        655370
        29360
        29360
        655370
        29372
        29372
        524296
        29384
        29384
        458759
        29392
        29392
        589833
        29404
        29404
        524296
        29416
        29416
        3080239
        29464
        29464
        3801146
        29524
        29524
        1048592
        29544
        29544
        1245203
        29564
        29564
        1179666
        29584
        29584
        589833
        29596
        29596
        655370
        29608
        29608
        720907
        29620
        29620
        983055
        29636
        29636
        917518
        29652
        29652
        851981
        29668
        29668
        720907
        29680
        29680
        917518
        29696
        29696
        720907
        29708
        29708
        983055
        29724
        29724
        1179666
        29744
        29744
        983055
        29760
        29760
        393222
        29768
        29768
        393222
        29776
        29776
        458759
        29784
        29784
        524296
        29796
        29796
        327685
        29804
        29804
        786444
        29820
        29820
        1048592
        29840
        29840
        524296
        29852
        29852
        589833
        29864
        29864
        1179666
        29884
        29884
        589833
        29896
        29896
        1179666
        29916
        29916
        589833
        29928
        29928
        1179666
        29948
        29948
        655370
        29960
        29960
        917518
        29976
        29976
        720907
        29988
        29988
        524296
        30000
        30000
        524296
        30012
        30012
        786444
        30028
        30028
        393222
        30036
        30036
        786444
        30052
        30052
        458759
        30060
        30060
        917518
        30076
        30076
        524296
        30088
        30088
        327685
        30096
        30096
        655370
        30108
        30108
        851981
        30124
        30124
        851981
        30140
        30140
        393222
        30148
        30148
        655370
        30160
        30160
        393222
        30168
        30168
        655370
        30180
        30180
        720907
        30192
        30192
        983055
        30208
        30208
        983055
        30224
        30224
        786444
        30240
        30240
        655370
        30252
        30252
        655370
        30264
        30264
        327685
        30272
        30272
        851981
        30288
        30288
        655370
        30300
        30300
        589833
        30312
        30312
        589833
        30324
        30324
        655370
        30336
        30336
        262148
        30344
        30344
        262148
        30352
        30352
        786444
        30368
        30368
        262148
        30376
        30376
        786444
        30392
        30392
        262148
        30400
        30400
        720907
        30412
        30412
        262148
        30420
        30420
        589833
        30432
        30432
        262148
        30440
        30440
        458759
        30448
        30448
        262148
        30456
        30456
        458759
        30464
        30464
        65537
        30468
        30468
        262148
        30476
        30476
        655370
        30488
        30488
        262148
        30496
        30496
        655370
        30508
        30508
        262148
        30516
        30516
        720907
        30528
        30528
        196611
        30532
        30532
        2621480
        30576
        30576
        786444
        30592
        30592
        589833
    strings = Container: 
        multiplayer = ListContainer: 
            add bot
            advanced
            ARENA
            game1
            
            
            
            
            game2
            
            
            
            
            game3
            
            
            
            
            game4
            
            
            
            
            available games
            BEGIN GAME
        multiplayer_bots = ListContainer: 
            kanbot
            noxbot
            sambot
            spibot
            sybot
            trabot
            weabot
        characters = ListContainer: 
            Container: 
                name = u'KANDEN' (total 6)
                alt_form = u'alt-form:\nSTINGLARVA' (total 20)
            Container: 
                name = u'NOXUS' (total 5)
                alt_form = u'alt-form:\nVHOSCYTHE' (total 19)
            Container: 
                name = u'SAMUS ARAN' (total 10)
                alt_form = u'alt-form:\nMORPH BALL' (total 20)
            Container: 
                name = u'SPIRE' (total 5)
                alt_form = u'alt-form:\nDIALANCHE' (total 19)
            Container: 
                name = u'SYLUX' (total 5)
                alt_form = u'alt-form:\nLOCKJAW' (total 17)
            Container: 
                name = u'TRACE' (total 5)
                alt_form = u'alt-form:\nTRISKELION' (total 20)
            Container: 
                name = u'WEAVEL' (total 6)
                alt_form = u'alt-form:\nHALFTURRET' (total 20)
        naming? = ListContainer: 
            chat here
            
            
            
            
            
            
            
            
            
            
            
            
            
            
            
            
            
            
            
            
            
            
            
            
            
            
            
            
            
            
            
            
            
            
            
            
            
            
            
            
            
            
            
            
            
            
            
            
            newname here
            
            
            
            
            
            
            
            tempname here
            
            
            
            
            
            
            
        file_completion = ListContainer: 
            complete
            0%
            
            0%
            
            0%
            
        controls = ListContainer: 
            stylus mode
            right
            stylus mode
            left
            dual mode
            right
            dual mode
            left
            turning LOOK INVERT on will reverse control on the y axis.
            for left-handed people.
            use the a, b, x, and y buttons to move, and the +control pad to look.
            for left-handed people.
            use the a, b, x, and y buttons to move, and the stylus to look.
            for right-handed people.
            use the +control pad to move, and the a, b, x, and y buttons to look.
            for right-handed people.
            use the +control pad to move, and the stylus to look.
            adjust how quickly you will turn and aim when you use the stylus, +control pad, or the a, b, x, and y buttons.
            sensitivity
            look invert
        file_creation? = ListContainer: 
            copy
            create game
            create
            game
        credits = ListContainer: 
            - end transmission -
            all rights, including copyrights of game, scenario, music and program, reserved by nintendo.
            SHINGO OKAMOTO
            TORU INAGE
            NAOFUMI TERAZONO
            NOBUO MATSUMIYA
            MASAKAZU MIYAZAKI
            SUPER MARIO CLUB
            
            
            YOSHIO SAKAMOTO
            HIDEKI KONNO
            TAKUMI KAWAGOE
            TSHUYOSHI WANTANABE
            YUICHI OZAKI
            RISA TABATA
            TOMOHIRO KAWASE
            
            RETRO STUDIOS
            POLYASSETS UNITED INC.
            ACTIMAGINE
            debug
            
            
            
            
            
            
            
            special thanks
            ROBERT JOHNSON
            
            
            JIM HOLDEMAN
            
            
            MIKA KUROSAWA
            
            
            MIKE FUKUDA
            DARREN SMITH
            TOM PRATA
            JEFF MILLER
            BRETT GOW
            senior project coordinator
            
            
            project coordinator
            
            
            communications coordinator
            
            
            special thanks
            ERIC BUSH
            SEAN EGAN
            
            
            TOMOKO MIKAMI
            
            
            NATE BIHLDORFF
            TERESA LILLYGREN
            
            
            
            MICHAEL CHIPMAN
            ISRAEL CRUZ-MORALES JR.
            ROBERT JAHN
            JOEL SIMON
            PAT WELLS
            product testing supervisors
            
            
            
            bilingual product tester
            
            
            text editing
            
            
            
            
            product testers
            DESIGN DEPARTMENT
            
            game director
            
            
            single-player game design/story
            
            
            wi-fi design/project coordination
            
            
            project coordination
            
            MASAMICHI ABE
            
            
            RICHARD VORODI
            
            
            WING S. CHO
            
            
            HIROTO ALEXANDER
            COLIN REED
            
            
            JONATHAN JOHNSON
            
            
            DAVID DEVATY
            
            
            MAX SZLAGOR
            
            
            RORY JOHNSTON
            
            
            CORY O'REGAN
            JONATHAN BRYANT
            
            
            SCOTT BASSETT
            PROGRAMMING DEPARTMENT
            
            technical programming lead
            
            
            programming lead/multiplayer design
            
            
            artificial intelligence programming
            
            
            enemy programming
            
            
            audio programming
            
            
            network/multiplayer programming
            
            
            
            additional programming
            MICHAEL HARRINGTON
            
            
            EDWARD BARKLEY
            
            
            ALAIN SCHNEUWLY
            
            
            CHRIS DONOVAN
            
            
            CHRIS MILLER
            KATIE CLARK
            
            
            EDWARD SHERMAN
            ART DEPARTMENT
            
            art director/multiplayer design
            
            
            special effects
            
            
            environment lead
            
            
            environment art/multiplayer design
            
            
            environment art
            
            
            
            environment/game objects
            DAVID "LEE" PHEMISTER
            
            
            OSCAR NEBRES
            MARK TRONO
            
            
            NICHOLAS TRAHAN
            
            
            KUNITAKE AOKI
            
            
            DWIGHT HWANG
            character modeling/animation lead
            
            
            character modeling/animation
            
            
            
            user interface design/art
            
            
            promotional art/package design
            
            
            in-game camera sequences
            DAVID GALLARDA
            
            
            
            
            
            SATORU HOSOGAI
            
            
            ALEXANDER VAN BERG
            
            
            CLARK MORSE
            COREY ROSS
            
            
            
            LAWRENCE SCHWEDLER
            JAMES PHILLIPSEN
            SYSTEM ADMINISTRATION
            
            
            
            TOOLS DEPARTMENT
            
            tools lead
            
            
            world editor tool
            
            
            menu tool
            
            
            
            
            SOUND DESIGN/MUSIC/VOICE
            SHIGEKI YAMASHIRO
            ROBERT CHAMPAGNE
            
            
            
            
            
            
            ANDREW JONES
            JOHN LAYMAN
            DARREN LAMB
            JARED CAREW
            MIKE KEOUGH
            BRYAN MEAGHER
            PRODUCERS
            
            
            
            
            
            
            
            SPECIAL THANKS
            SATORU IWATA
            
            
            KENSUKE TANABE
            
            
            AKIYA SAKAMOTO
            TOSHIHIKO OKAMOTO
            
            
            KENJI YAMAMOTO
            
            
            NAOKI MORI
            
            
            SOICHI YAMAMOTO
            SPD development environment and art group
            
            
            TAKASHI ITO
            YASUO INOUE
            executive producer
            
            
            producer
            
            
            coordination
            
            
            
            sound supervisor
            
            
            storyboard art
            
            
            development environment support
            
            
            
            illustration art/title logotype design
            ANDY FEY
            NORIKO NETLEY
            
            
            ALESSIO DANIELI
            
            
            FRANCISCO JIMÉNEZ
            MARIANNA SACRA
            MICHELE LIUZZI
            SONIA TREPICCIONI
            
            
            KAI ZEH
            ALEXANDER KUL
            
            
            JAN PEITZMEIER
            
            
            THOMAS FOUGERAY
            coordination
            
            
            
            testing coordinator
            
            
            testing team
            
            
            
            
            
            noe wi-fi team
            
            
            
            german translation
            
            
            french translation
            PALMA SÁNCHEZ DE MOYA
            
            
            DANIELE BRAGLIA
            spanish translation
            
            
            italian translation
            JEFF GILBERT
            
            
            YOSHINOBU MANTANI
            
            
            SHUJI HASHIMOTO
            
            
            ROB CROMBIE
            
            
            KYLE HUDSON
            senior product specialist
            
            
            vice president, engineering
            
            
            director of product testing
            
            
            product testing sr. manager
            
            
            product testing manager
            - begin transmission -
            METROID PRIME HUNTERS
            
            
            NINTENDO SOFTWARE TECHNOLOGY
            NINTENDO COMPANY, LTD.
            NINTENDO OF AMERICA
            NINTENDO OF EUROPE
        create_delete_file = ListContainer: 
            create a new game in this slot?
            delete
        download_play1 = ListContainer: 
            single-card play lets you battle up to 3 friends who don't have their own copy of the game by wirelessly sending them a special version of
            METROID PRIME HUNTERS.
            DESCRIPTION
        warnings_and_confirmations = ListContainer: 
            tap the check box to activate the rival radar, then close your nintendo ds and bring it wherever you go. if you come near another person who is also using the rival radar, you will add each other to your rivals roster.
            
            
            
            
            
            
            
            
            
            
            
            
            
            
            
            
            
            
            
            
            
            
            
            
            
            
            
            
            
            
            
            
            
            
            
            
            
            
            
            
            
            
            
            
            
            
            
            
            
            
            
            
            
            
            
            
            
            
            
            
            
            
            
            
            
            
            
            
            
            
            
            
            
            
            
            
            
            
            
            
            
            
            
            
            
            
            
            
            
            
            
            
            
            
            
            
            
            
            
            
            
            
            
            
            
            
            
            
            
            
            
            
            
            
            
            
            
            
            
            
            
            
            
            
            
            
            
            
            
            
            
            
            
            
            
            
            
            
            
            
            
            
            
            
            
            
            
            
            
            
            
            now erasing.
            
            do not touch the game card or the power button.
            this will end wireless communications.
            
            are you sure?
            you already have this player's hunter license.
            the system will now shut down.
            copy save file
            ?
            delete save file
            ?
            you have been disconnected from the host.
            there are not enough players to continue.
            this friend code is incorrect.
            the data could not be read.
            
            turn off the power and reinsert the ds game card.
            the save data is corrupted and must be deleted.
            the data could not be written.
            
            turn off the power and reinsert the ds game card.
            saving to the game card.
            
            do not touch the game card or the power button.
            both teams must have one or two players. please adjust the teams.
            you have upgraded your rival to a friend.
            wireless communication is not possible.
            you cannot enter your own friend code.
            
            you can change it in the edit friends and rivals menu.
            your nickname is
            
            
        advanced_options = ListContainer: 
            ADVANCED OPTIONS
            available weapons
            damage level
            friendly fire
            show hunters on radar
            dam
            
            ff
            gun
            
            
            
            
            
            rad
            search for game
            audio
            volume
            controls
            credits
        erase_data = ListContainer: 
            ERASE ALL DATA
            this will erase all saved game files, records, multiplayer data, and hunter licenses.
            ARE YOU SURE?
        more_settings? = ListContainer: 
            headphones
            mic
            music
            music test
            show my stats on nintendowifi.com
            ? ? ? ?
            rival radar
            rival radar
            rumble
            pak
            sfx
            sfx test
            speakers
            stereo
            surround
        unk_group1 = ListContainer: 
            GAME MODE
            DEFEAT
        multiplayer_titles = ListContainer: 
            legendary hunter
            master hunter
            hunter
            of
            choice
            hunter license
            your last encounter result:
            bounty hunter
            next rank:
            ranking points:
            elite hunter
            TIE
            total rounds against:
            super hunter
            if you still see this screen after registering each other's friend codes and connecting to nintendo wfc, please check your friend codes for accuracy.
            victories against:
            VICTORY
            of
        unk_group2 = ListContainer: 
            you are:
            hunter
            illegal teams
            SELECT HUNTER
            enter a message to be seen by all your friends in this game.
            SELECT CONTROL TYPE
            CREATE OR JOIN A GAME
            SELECT A FILE
            SET SEARCH FILTER
            SELECT A GAME MODE
            select the movie you want to see.
            CHOOSE MULTIPLAYER TYPE
            enter the new name you wish to use for
            
            METROID PRIME HUNTERS.
            ADJUST GAME OPTIONS
            ADJUST AUDIO OPTIONS
            VOTE FOR AN ARENA
            enter a temporary name for this friend.
            please wait for all players to vote.
            please wait for more players to join.
            please wait for all players to be ready.
            you can wait for more players or add bots.
            MAKE THIS GAME AVAILABLE TO:
            ENTER NEW CODE
            NINTENDO WI-FI CONNECTION
            waiting for players
            join
            game
            ADVANCED
            SETTINGS
            
        multiplayer_maps = ListContainer: 
            transfer lock
            transfer lock
            council chamber
            alinos perch
            fault line
            subterranean
            stasis bunker
            oubliette
            data shrine
            incubation vault
            sanctorus
            sic transit
            fuel stack
            outer reach
            harvester
            combat hall
            elder passage
            high ground
            compression chamber
            head shot
            processor core
            weapons complex
            ice hive
            random
            alinos gateway
            celestial gateway
            vdo gateway
            arcterra gateway
        multiplayer_modes1 = ListContainer: 
            bounty
            capture
            defender
            battle
            nodes
            prime
            hunter
            survival
        unk_group3 = ListContainer: 
            PRESENTS
            A
            
            
            
            
            
            
            
            
            
            
            
            
            GAME
            SPECIAL THANKS TO
            mode
            previous
            movies
            next
            arena name
            
            
            
            
            
            
            
            
            GAME MODE
            
            
            
            large
            medium
            map size: 
            small
            setting a
            
            
            
            10
            
            setting b
            
            
            
            20
            
            setting c
            
            
            
            30
            
            setting d
            
            
            
            40
            
            adv setting a
            
            
            adv setting b
            
            
            adv setting c
            
            
            adv setting d
            
            
            multiplayer mode
            multi-card play
            single-card play
            single-card play
            nintendo wi-fi connection
            invalid name. please enter a name that has characters other than just spaces.
            PLAYER
            
            
            
            
            WWWWWWWWWW
            
            
            
            client a
            
            
            
            client b
            
            
            
            WWWWWWWWWW
            
            
            
            create new game
            octoliths
            0
            
            0
            
            0
            
            ok
            opponent
            rank
            options
            POINT GOAL
            
            TIME LIMIT
            
            TEAM PLAY
            OCTOLITH GOAL
            
            TIME LIMIT
            
            AUTO RESET
            
            TEAM PLAY
            OCTOLITH GOAL
            
            TIME LIMIT
            
            AUTO RESET
            TIME GOAL
            
            TIME LIMIT
            
            TEAM PLAY
            POINT GOAL
            
            TIME LIMIT
            
            TEAM PLAY
            TIME GOAL
            
            TIME LIMIT
            LIVES
            
            TIME LIMIT
            
            TEAM PLAY
            %
            blank place
            
            
            
            
            PLAY AGAIN
            PLAYERS
            please wait
            QUIT
            winnername
            
            
            
            1
            
            2
            
            3
            
            scndname
            
            
            
            4
            
            5
            
            6
            
            thirdname
            
            
            
            7
            
            8
            
            9
            
            lastname
            
            
            
            10
            
            11
            
            12
            
            add rival
            stat a
            
            
            
            
            stat b
            
            
            
            
            stat c
            
            
            
            
        singleplayer_records = ListContainer: 
            records
            total enemies killed:
            gorea phase1 time
            gorea phase2 time
        unk_group4 = ListContainer: 
            RESULTS
            these new hunter licenses were added to your roster:
            save
            available
            connecting
            downloading
            LOCK PLAYERS
            please wait for all players to finish downloading.
            name A
            
            
            
            
            name B
            
            
            
            
            name C
            
            
            
            
            ready
            wait for players to connect
            send message
            SETTINGS
            adventure mode
            complete
        post_credits = ListContainer: 
            CONGRATULATIONS
            deaths
            gorea battle time
            hunters and guardians defeated
            mission complete!
            mission complete...?
            total game time
            100%
        unk_group5 = ListContainer: 
            4
            
            
            25m
            
            12
            
            
            10h 15m
            incomplete
            arena
            1/20
            
            START
            GAME
        multiplayer_mode_descriptions = ListContainer: 
            BOUNTY:
            fight for possession of the octolith and be the one to deliver it to the drop point.
            CAPTURE:
            raid the enemy team's territory and steal their octolith. score when both octoliths are at your base.
            DEFENDER:
            secure the designated area and increase your timer while you are the only hunter to occupy it.
            BATTLE:
            become a hunter and eliminate your opponents in a timed deathmatch.
            up to 4 players or bots can hunt each other in 7 unique game modes.
            the real hunt begins for up to 4 hunters.
            NODES:
            find and secure the node rings and earn points while they are under your control.
            configure control settings and other options.
            change the balance and speaker type.
            PRIME HUNTER:
            gain the coveted enhanced powers of the prime hunter and keep them the longest to win.
            find new rivals by bringing the game with you wherever you go.
        file_collection = ListContainer: 
            UA EXPANSION -
            ENERGY TANK -
            MISSILE EXPANSION -
        new_game_text = u'NEW GAME' (total 8)
        unk_number_group = ListContainer: 
            99
            77
            88
        singleplayer_records_title = u'view your best times for completing the single-player adventure.' (total 64)
        singleplayer_title = ListContainer: 
            MISSION FILE 79109:
            journey to the TETRA GALAXY to uncover the source of a mysterious message.
        download_play2 = u'allow up to 3 other players to download and play battle mode.' (total 61)
        multiplayer_modes2 = ListContainer: 
            SURVIVAL:
            eliminate your enemies and be the last hunter standing in limited stock battle mode.
            hunt anyone in the world with nintendo wi-fi connection.
        wifi_messages = ListContainer: 
            you do not have a friend code. your friend code will be generated once you connect to nintendo wfc.
            enter the code of someone you know. if they also enter your code, you will add them to your friends.
            organize a wi-fi battle with your friends and rivals.
            nintendo wfc will find opponents who want to play the same game as you.
            nintendo wi-fi connection is finding three opponents for you to battle!
            please wait while searching continues. you may not be able to gather four players.
        copyright = ListContainer: 
            © 2004-2006 NINTENDO.
            developed by
             nintendo software technology corp.
            TOUCH TO START
            TM
        unk_group6 = ListContainer: 
            ON
            
            
            
            
            
            
            
            
            
            
            
            
            
            
            
            
            
            
            
            
            
            
            
            
            
            
            
            
            
            
            
            
            
            
            mode
            
            
            
            
            rank
            
            
            
            
            region
            
            
            
            
            yes
            
            
            99
            
            89
            
            gc num 1
            
            
            
            gc num 2
            
            
            
            gcnum3
            
            
            
            
            gc title 1
            
            
            
            
            gc title 2
            
            
            
            
            gc title 3
            
            
            
            
            HNTR NAME
            
            
            
            startgame instructions
            
            
            
            
            
            
            
            10
            
            5
            map size: s m l
            
            
            
            
            00m
            5
            
            100
            priv
            32,000
            88h 88m 11s
            88h 88m 12s
            88h 88m 13s
            88h 88m 21s
            88h 88m 22s
            88h 88m 23s
            88h 11m 88s
            88h 22m 88s
            88h 33m 88s
            yes
            
            
            rumb
            5
            00s
            chosen stage
            
            
            please wait
            
            
            
            
            
            
            
            
            please wait
            
            
            
            
            
            
            
            
            please wait
            
            
            
            
            
            
            
            
            OFF
            
            5
            
            20
            
            99
            5
            5
            5
            OFF
            
            YourNamE
            
            
            
        abandon_game = ListContainer: 
            abandon the game in progress?
            abandoning game...
        error_messages = ListContainer: 
            the access point is busy. you cannot connect. try again later. for help, call 1-800-895-1672 in the usa and canada, or visit www.nintendowifi.com.
            please add some friends and rivals to your roster before playing this mode.
            nintendo wfc id from this nintendo ds has been saved to the game card. from now on, please use this nintendo ds when attempting to connect to nintendo wi-fi connection.
            configure wi-fi connection settings?
            connect to nintendo wi-fi connection?
            connecting to nintendo wi-fi connection...
            please wait a moment...
            the nintendo wi-fi connection id saved to the game card needs to be updated. when you update your nintendo wfc id, you will lose any data used to connect to nintendo wfc up to this point.
            ok to disconnect from nintendo wi-fi connection?
            you have been disconnected from nintendo wi-fi connection.
            you were disconnected from nintendo wi-fi connection. press the a button to return to the menu.
            disconnecting from nintendo wfc.
            miscellaneous error. for help, call 1-800-895-1672 in the usa and canada, or visit www.nintendowifi.com.
            error code
            you can use your existing single player data, hunter license, and friends roster with this game. however, before you can battle against friends on nintendo wfc, your friends will have to add you to their friends roster again. in addition, your rivals will be lost. use the "find game" or "rival radar" features to add new rivals or meet up with old ones.
            either the server is experiencing high traffic volumes or nintendo wi-fi connection service is down. please try again later. for help, call 1-800-895-1672 in the usa and canada, or visit www.nintendowifi.com.
            the host has abandoned this game.
            proceed to update the nintendo wfc id.
            unable to connect to nintendo wfc because the nintendo wfc id from the nintendo ds and the game card do not match.
            nintendo wfc id may have been erased. for help, call 1-800-895-1672 in the usa and canada, or visit www.nintendowifi.com.
            this nintendo wfc id was inactive for a long period of time and has been erased. for help, call 1-800-895-1672 in the usa and canada, or visit www.nintendowifi.com.
            unable to connect with this nintendo wfc id. for help, call 1-800-895-1672 in the usa and canada, or visit www.nintendowifi.com.
            you currently have no rivals in your roster. you must make this game available to friends.
            you currently have no friends in your roster. you must make this game available to rivals.
            no compatible access point in range. please try again. for help, call 1-800-895-1672 in the usa and canada, or visit www.nintendowifi.com.
            unable to connect to game. this friend/rival game is no longer available. for help, call 1-800-895-1672 in the usa and canada, or visit www.nintendowifi.com.
            nintendo wi-fi connection treats your nintendo ds game card and nintendo ds as a set. save this nintendo ds system's nintendo wfc configuration to this game card and connect to nintendo wfc?
            this game has the maximum number of players and cannot be joined.
            nintendo wi-fi connection service for this software has been halted. visit www.nintendowifi.com for a list of current nintendo wi-fi connection-compatible software.
            you connected to an access point but were unable to connect to nintendo wfc. for help, call 1-800-895-1672 in the usa and canada, or visit www.nintendowifi.com.
            update nintendo wfc id saved to game card? when you update your nintendo wfc id, you will lose any data used to connect to nintendo wfc up to this point.
            do you still want to update?
            unable to connect to the nintendo wi-fi usb connector. confirm connection settings in the nintendo wi-fi connection setup. for help, call 1-800-895-1672 in the usa and canada, or visit www.nintendowifi.com.
            nintendo wfc id may have been erased. for help, call 1-800-895-1672 in the usa and canada, or visit www.nintendowifi.com.
            add friend
            you cannot use this nickname on nintendo wfc. please change it and reconnect.
            you cannot lock more than 57 players. the remaining slots are used for any new friends or rivals that are added. please unlock some players if you wish to lock this one.
        unk_group7 = ListContainer: 
            configure
            wi-fi
            connecting to nintendo wfc...
            connecting to friend's game...
            connecting to rival's game...
            create game
            delete player
            edit name
            find game
            you must make this game available to friends and/or rivals before playing this mode.
            FRIENDS
            your friends roster is full. please delete some friends or rivals first.
            friends and rivals
            scanning for rivals. tap the check box when finished.
            edit
            friends
            and rivals
            hold x button
            to talk
            no new hunter licenses were added to your roster.
            no players agreed to be your rival.
            there are not enough players to continue.
            not
            ready
            region
            RIVALS
            searching
            please wait
            SEARCHING FOR PLAYERS
            waiting for other players...
            0
            1
            2
            3
            4
            5
            6
            7
            8
            9
            NEW CODE
            xxxxxxxxxx
            
            
            
            XXXX
            XXXX
            XXXX
            YOUR CODE
            yourname
            
            
            
            1234
            2345
            3456
            available games
            BORING1
            
            
            
            
            BORING2
            
            
            
            
            BORING3
            
            
            
            
            BORING4
            
            
            
            
            BORING5
            
            
            
            
            BORING6
            
            
            
            
            F/88
            host
            HOST1
            
            
            
            
            HOST2
            
            
            
            
            8
            online
            players
            0/4
            2/4
            LAME1
            
            
            
            
            LAME2
            
            
            
            
            LAME3
            
            
            
            
            LAME4
            
            
            
            
            LAME5
            
            
            
            
            LAME6
            
            
            
            
            C/88
            searching
        more_multiplayer_settings? = ListContainer: 
            view
            high
            low
            max
            med
            no
            off
            on
            yes
            affinity weapons
            default weapons
            damage high
            damage low
            damage med
            f.f. off
            f.f. on
            radar off
            radar on
            these players have agreed to become your rival:
            DELETE PLAYER
            are you sure you want to delete this player?
        multiplayer_records? = ListContainer: 
            wi-fi win record
            wireless win record
            connection history
            win ratio
            win streak
            lucky arena
            favorite weapon
            headshot kills
            favorite mode
            biped kills
            alt-form kills
            kill streak
            wi-fi play time
            wireless play time
            total game time
            battle
            bounty
            capture
            defender
            nodes
            prime hunter
            single-card play
            survival
            1st place
            tied for 1st place
            2nd place
            tied for 2nd place
            3rd place
            tied for 3rd place
            efficiency
            alt-form
            kills
            best
            weapon
            bounties
            captures
            damage
            dealt
            deaths
            friend kills
            fumbles
            headshot kills
            intrcpt.
            kills
            last place
            survival time
            node
            captures
            points
            nodes lost
            points
            p. h.
            time
            prime kills
            prime
            mutations
            self-
            destructs
            time in ring
            auto reset
            point goal
            lives
            octolith goal
            point goal
            team play
            time goal
            time limit
            alt.
            btl.
            battlehammer
            omg.
            omega cannon
            imp.
            imperialist
            jud.
            judicator
            mag.
            magmaul
            msl.
            missile
            -
            pwr.
            power beam
            shk.
            shock coil
            vlt.
            volt driver
            any
            match my rank
            
            
            
            
            
            
            
            local region
            worldwide